
          epoch;     train_loss;       val_loss;             PA;         Recall;      Precision;             F1;     Train_Miou;       Val_Miou;          FWiou;
              1;        0.70496;         3.5022;        0.44337;        0.66231;        0.42133;        0.25635;         0.4185;        0.21268;        0.30646;
              2;        0.44241;        0.75809;        0.68978;         0.6778;        0.79196;        0.57867;        0.67699;        0.51975;        0.52366;
              3;        0.29668;        0.31465;        0.87672;        0.84247;        0.87331;        0.79393;        0.75189;        0.75076;        0.78029;
              4;        0.24299;        0.51881;         0.7913;        0.76674;        0.83755;        0.69742;        0.79114;        0.64244;        0.64576;
              5;        0.24726;        0.40529;        0.83032;        0.78975;        0.86386;        0.73516;        0.78559;        0.68972;        0.70576;
              6;        0.20611;        0.43364;        0.80629;        0.86341;        0.70837;        0.69317;        0.81735;        0.61152;        0.71725;
              7;        0.21769;        0.31066;        0.88957;        0.88687;        0.84604;        0.81927;        0.80892;        0.76326;        0.80556;
              8;        0.20751;         0.3099;        0.87573;         0.8386;        0.88965;        0.79316;        0.81703;        0.75285;        0.77609;
              9;        0.19569;        0.48356;        0.82984;        0.87349;        0.71577;        0.71244;        0.82548;        0.62749;        0.73521;
             10;        0.20119;          0.477;        0.77118;        0.75462;        0.78273;        0.66368;         0.8226;        0.59723;        0.62407;
             11;         0.2054;        0.31783;        0.88879;        0.84904;        0.90601;        0.81047;        0.81694;        0.77577;        0.79808;
             12;        0.20042;        0.27199;         0.8975;        0.88019;        0.87514;        0.82838;        0.81988;        0.78316;         0.8159;
             13;        0.17965;        0.24346;        0.90713;         0.8721;        0.91763;        0.83711;         0.8392;        0.80508;        0.82867;
             14;        0.17102;        0.30434;        0.89415;        0.90892;        0.82948;        0.82647;        0.84402;        0.76255;        0.81617;
             15;        0.16483;        0.19253;        0.93269;        0.91666;        0.91956;        0.88179;        0.85001;        0.84963;        0.87465;
             16;        0.17884;        0.77576;        0.71995;         0.7047;          0.819;        0.61206;        0.84008;        0.55545;        0.56006;
             17;         0.1813;        0.44856;        0.82309;        0.88565;        0.73433;         0.7213;        0.83821;        0.64143;        0.73722;
             18;        0.16525;        0.30333;        0.89624;        0.86355;        0.90349;        0.82456;         0.8497;        0.78907;        0.81121;
             19;        0.16291;        0.18089;        0.93036;        0.92195;        0.90505;        0.87975;        0.85185;        0.84202;        0.87171;
             20;        0.15664;        0.24368;        0.88842;        0.90247;        0.83626;        0.82358;        0.85474;        0.76183;        0.80629;
             21;        0.15216;        0.29133;        0.90462;        0.90388;        0.86842;        0.84485;        0.85874;        0.79458;        0.82922;
             22;        0.15314;        0.18311;        0.92882;        0.91189;        0.91501;        0.87479;         0.8593;        0.84128;        0.86821;
             23;        0.15229;        0.38886;        0.83935;        0.79354;        0.88433;        0.74382;        0.85966;        0.70309;        0.71959;
             24;        0.14959;        0.27169;        0.89606;        0.88245;        0.87135;        0.82879;        0.86169;        0.78189;        0.81361;
             25;        0.15079;         0.2196;         0.9176;        0.88868;        0.91529;          0.854;        0.86125;        0.82199;        0.84794;
             26;        0.14462;        0.17909;          0.931;        0.90764;        0.92706;        0.87644;        0.86395;        0.84732;        0.87099;
             27;        0.14355;          0.173;        0.93679;        0.91987;        0.92593;        0.88746;        0.86742;        0.85738;        0.88165;
             28;        0.13967;        0.25097;        0.91012;        0.89511;        0.89282;        0.84989;        0.86957;         0.8093;        0.83624;
             29;        0.14382;        0.17616;        0.93049;        0.90275;        0.93116;        0.87374;        0.86556;        0.84657;        0.86998;
             30;        0.13654;        0.14973;        0.94075;        0.93418;        0.91654;        0.89628;        0.87168;        0.86232;        0.89008;
             31;        0.13997;        0.17361;        0.93515;        0.92669;        0.91108;        0.88695;        0.86767;        0.85127;        0.88004;
             32;        0.14085;        0.19678;        0.92927;        0.92138;        0.90053;        0.87668;        0.86831;         0.8374;        0.87037;
             33;        0.13542;        0.16723;          0.932;        0.92561;        0.90735;        0.88392;        0.87379;        0.84654;        0.87436;
             34;        0.13644;        0.21039;        0.91724;        0.91725;        0.88516;        0.86444;        0.87185;        0.81875;        0.84976;
             35;        0.13457;         0.1704;         0.9345;        0.91542;        0.92344;        0.88271;        0.87443;        0.85244;        0.87788;
             36;        0.12999;        0.17134;        0.93619;        0.93318;        0.90677;        0.89027;        0.87697;        0.85255;        0.88252;
             37;        0.13147;        0.31771;        0.89775;        0.89117;        0.86679;        0.83382;        0.87565;         0.7844;         0.8172;
             38;        0.14249;        0.18227;        0.93123;        0.92419;         0.9072;        0.88264;        0.86821;        0.84533;        0.87295;
             39;        0.14385;        0.44403;        0.83229;        0.86558;        0.75939;         0.7379;         0.8672;        0.66362;        0.73977;
             40;        0.14376;        0.22063;        0.91851;         0.9191;        0.88498;        0.86532;        0.86539;        0.81913;        0.85199;
             41;        0.13548;        0.19051;        0.93214;        0.92155;        0.91617;        0.88365;        0.87162;        0.84927;        0.87387;
             42;         0.1302;        0.18513;         0.9323;        0.90438;        0.93887;        0.87782;        0.87702;        0.85287;        0.87267;
             43;        0.13012;        0.27577;        0.88217;        0.83935;        0.91464;        0.80133;        0.87739;        0.76807;         0.7863;
             44;        0.12634;        0.19956;        0.92438;        0.91875;        0.90383;        0.87353;        0.88042;        0.83396;        0.86096;
             45;        0.12814;        0.14729;        0.94517;        0.93137;        0.93406;        0.90207;        0.87841;        0.87468;        0.89663;
             46;        0.12027;         0.1728;        0.93594;        0.92808;        0.91527;        0.88995;        0.88567;        0.85538;         0.8809;
             47;        0.12634;        0.19704;        0.92801;        0.91124;        0.91709;        0.87556;        0.87921;        0.84267;         0.8663;
             48;        0.12208;        0.14802;        0.94328;        0.92881;        0.93426;        0.89969;        0.88366;        0.87242;         0.8931;
             49;        0.11866;        0.14398;        0.94402;        0.91927;        0.94676;        0.89601;        0.88721;        0.87395;        0.89383;
             50;        0.11543;        0.68527;        0.82405;        0.86248;        0.75351;        0.71253;        0.88844;         0.6447;         0.7427;
             51;        0.12565;        0.22431;        0.91692;        0.93257;        0.86297;        0.86403;        0.88088;        0.80928;        0.85214;
             52;        0.13096;        0.16606;        0.93604;        0.91734;        0.92684;        0.88548;        0.87742;        0.85609;         0.8804;
             53;        0.12449;        0.15094;         0.9437;         0.9369;        0.92403;         0.9023;         0.8816;        0.87059;        0.89453;
             54;        0.11775;        0.15258;        0.94424;        0.92525;        0.93894;        0.89848;        0.88744;        0.87323;        0.89459;
             55;        0.11605;        0.12488;        0.94994;        0.93711;        0.93923;        0.90993;        0.88962;        0.88444;        0.90525;
             56;        0.11244;        0.29245;        0.89197;        0.92311;        0.82758;        0.83295;        0.89105;        0.76476;        0.81307;
             57;        0.11743;        0.14066;        0.94818;        0.93384;         0.9397;        0.90668;        0.88739;        0.88117;         0.9018;
             58;        0.11592;         0.1511;          0.942;        0.93707;        0.92081;        0.90072;        0.88977;        0.86759;         0.8916;
             59;        0.11717;        0.32594;        0.87256;        0.90151;        0.81811;        0.80335;        0.88839;        0.73912;        0.79186;
             60;        0.11724;        0.60053;        0.85372;        0.87085;        0.80572;        0.77075;        0.88848;        0.70957;        0.76808;
             61;        0.11038;        0.12026;        0.95193;        0.93376;         0.9491;        0.91116;        0.89416;        0.88965;         0.9084;
             62;        0.11147;        0.12942;        0.94905;        0.94558;        0.92756;         0.9119;        0.89285;        0.88115;        0.90431;
             63;         0.1097;        0.15242;        0.94441;        0.93971;        0.92525;        0.90472;         0.8948;        0.87284;        0.89574;
             64;        0.10897;        0.11867;        0.95266;        0.94605;        0.93562;        0.91629;        0.89498;        0.88893;        0.91069;
             65;        0.10636;        0.14243;        0.94459;         0.9193;        0.94895;        0.89675;        0.89732;        0.87532;        0.89468;
             66;        0.10158;        0.11562;        0.95473;        0.93969;        0.94921;        0.91683;        0.90086;        0.89508;         0.9136;
             67;        0.10486;        0.19109;         0.9242;        0.94634;        0.87098;        0.87912;        0.89794;        0.82503;        0.86382;
             68;        0.10699;        0.23263;        0.88201;         0.9007;        0.83382;        0.81892;        0.89658;        0.75881;        0.80087;
             69;        0.10479;        0.12226;        0.95298;        0.94773;        0.93661;        0.91835;        0.89896;        0.89105;        0.91098;
             70;       0.098958;        0.11611;        0.95412;        0.94058;        0.94703;         0.9167;        0.90297;        0.89413;        0.91264;
             71;       0.099244;        0.13753;        0.94826;        0.94876;        0.92317;        0.91239;         0.9023;        0.87948;        0.90306;
             72;       0.099762;        0.18809;        0.91059;        0.91563;          0.884;        0.85773;        0.90259;        0.81169;         0.8416;
             73;        0.10172;        0.12882;        0.95185;         0.9355;        0.94825;        0.91195;        0.90131;        0.88964;        0.90818;
             74;       0.099085;        0.39022;        0.87452;         0.9097;         0.8178;        0.80715;        0.90389;        0.74217;         0.7966;
             75;       0.098326;        0.12031;        0.95295;        0.93487;        0.95137;        0.91308;        0.90425;        0.89228;        0.91015;
             76;       0.094263;        0.17146;        0.92599;        0.93282;        0.89604;        0.88231;        0.90734;        0.83916;         0.8653;
             77;       0.095342;        0.11375;        0.95622;        0.94464;        0.94805;          0.921;        0.90606;        0.89859;        0.91645;
             78;       0.089819;        0.11079;        0.95549;        0.94878;        0.94097;         0.9214;        0.91056;        0.89598;        0.91558;
             79;       0.099154;        0.14562;        0.94566;         0.9418;        0.92413;        0.90669;        0.90343;        0.87463;        0.89815;
             80;       0.090606;        0.11412;        0.95517;        0.94891;        0.94143;        0.92163;        0.91106;        0.89612;        0.91479;
             81;       0.097106;        0.19336;         0.9113;        0.92535;        0.87559;        0.86177;        0.90456;        0.81172;        0.84351;
             82;        0.09289;        0.10677;        0.95864;        0.94627;        0.95262;        0.92473;        0.90897;        0.90418;        0.92081;
             83;       0.087558;        0.22447;        0.91098;         0.9198;        0.87944;        0.86143;        0.91293;         0.8141;        0.84243;
             84;        0.10082;        0.27423;        0.89447;        0.90969;        0.85067;        0.83695;        0.90232;        0.78053;        0.81756;
             85;        0.10283;        0.14393;        0.94794;        0.93444;        0.93869;        0.90693;        0.90074;        0.88119;        0.90152;
             86;       0.098514;        0.12075;        0.95238;        0.93774;         0.9476;        0.91424;        0.90372;        0.89192;        0.90929;
             87;       0.091686;         0.1045;        0.95913;        0.94958;        0.95041;         0.9268;        0.91054;        0.90517;        0.92182;
             88;       0.085964;         0.2832;        0.88654;        0.90893;        0.84263;        0.82632;        0.91508;        0.76935;        0.81114;
             89;       0.089756;        0.10653;        0.95786;        0.94963;        0.94611;        0.92479;        0.91177;        0.90149;        0.91975;
             90;       0.087194;       0.099149;           0.96;        0.95047;        0.95098;        0.92787;        0.91419;        0.90652;        0.92352;
             91;       0.090531;        0.11484;        0.95664;        0.94517;        0.94806;        0.92157;        0.91018;        0.89919;        0.91726;
             92;       0.085176;        0.11941;        0.95549;        0.94125;        0.95014;        0.91877;        0.91544;        0.89737;          0.915;
             93;        0.10228;         0.1049;        0.95752;        0.94073;        0.95622;        0.92098;        0.90113;        0.90204;        0.91855;
             94;       0.086539;        0.11167;        0.95691;        0.93862;        0.95791;        0.91965;        0.91414;        0.90145;        0.91734;
             95;       0.087064;        0.10778;         0.9587;        0.95065;        0.94737;         0.9264;        0.91353;         0.9035;        0.92118;
             96;       0.081432;        0.10011;        0.96052;        0.94876;        0.95518;        0.92819;        0.91848;        0.90853;        0.92422;
             97;       0.081446;       0.092291;        0.96278;        0.95507;        0.95357;        0.93353;        0.91855;        0.91304;        0.92859;
             98;       0.081766;        0.12533;        0.94856;        0.94449;         0.9335;        0.91372;        0.91826;        0.88518;        0.90297;
             99;       0.081807;       0.096939;        0.96088;        0.95585;         0.9476;        0.93135;        0.91907;        0.90831;        0.92529;
            100;       0.079736;       0.090297;        0.96395;        0.95641;        0.95539;        0.93566;        0.92024;        0.91587;        0.93073;
            101;       0.083855;       0.098296;        0.96035;        0.95336;        0.94895;        0.92969;        0.91642;        0.90736;        0.92423;
            102;       0.078607;        0.10948;        0.95947;        0.94729;        0.95356;        0.92615;        0.92181;          0.906;        0.92239;
            103;       0.078009;       0.099338;        0.96068;        0.95421;        0.94974;        0.93081;        0.92186;        0.90866;        0.92476;
            104;       0.077506;       0.088675;        0.96383;        0.95686;        0.95402;        0.93545;        0.92275;         0.9151;        0.93057;
            105;       0.079095;       0.091933;        0.96313;         0.9531;        0.95676;        0.93317;        0.92103;         0.9141;        0.92911;
            106;       0.078408;       0.094887;        0.96194;        0.94904;        0.95863;        0.93011;        0.92202;        0.91193;        0.92678;
            107;       0.080331;        0.10336;        0.96077;        0.94894;        0.95459;        0.92823;        0.91987;        0.90846;        0.92477;
            108;       0.081878;       0.097793;        0.96202;        0.95191;        0.95507;        0.93127;        0.91889;        0.91157;         0.9271;
            109;       0.080768;        0.17142;        0.93789;        0.92866;        0.92806;        0.89493;        0.91922;         0.8645;        0.88408;
            110;       0.083806;        0.11166;        0.95837;        0.94153;        0.95885;        0.92289;        0.91719;        0.90499;        0.92005;
            111;       0.079121;        0.10756;        0.95841;        0.95728;        0.94158;        0.92954;        0.92093;        0.90371;        0.92087;
            112;       0.075801;       0.090353;        0.96383;        0.95151;         0.9607;        0.93342;         0.9241;        0.91601;        0.93029;
            113;       0.072205;        0.12786;        0.94672;        0.94483;        0.93158;        0.91232;        0.92702;        0.88273;        0.89999;
            114;       0.074758;       0.087985;        0.96434;        0.95784;         0.9542;        0.93647;        0.92482;        0.91617;        0.93155;
            115;       0.072363;       0.092045;        0.96415;        0.95716;        0.95471;        0.93608;         0.9273;        0.91602;        0.93114;
            116;       0.077469;        0.10649;        0.95857;        0.95239;        0.94607;        0.92731;        0.92281;        0.90374;          0.921;
            117;       0.077347;       0.093583;        0.96364;        0.95778;        0.95329;        0.93593;        0.92396;        0.91518;        0.93022;
            118;        0.07313;       0.093087;        0.96407;        0.95616;        0.95608;        0.93574;        0.92653;        0.91625;        0.93092;
            119;       0.073975;       0.094097;        0.96389;        0.95447;        0.95673;        0.93451;        0.92584;        0.91546;        0.93061;
            120;       0.073536;        0.10613;        0.95939;         0.9533;        0.94886;        0.92926;        0.92627;        0.90661;        0.92236;
            121;       0.070591;       0.092274;        0.96365;        0.95462;        0.95695;        0.93461;         0.9289;        0.91548;        0.93007;
            122;        0.06916;        0.10811;        0.96178;        0.95422;        0.95358;        0.93262;        0.93036;        0.91206;        0.92667;
            123;       0.071638;       0.093093;        0.96472;        0.95604;        0.95707;        0.93616;        0.92794;        0.91718;        0.93216;
            124;       0.069982;        0.08912;        0.96489;        0.95717;        0.95626;        0.93683;        0.92969;        0.91747;        0.93253;
            125;       0.070248;       0.088411;        0.96561;         0.9563;        0.95956;        0.93757;        0.92935;        0.91959;        0.93371;
            126;        0.06988;       0.095972;        0.96307;        0.95233;        0.95703;        0.93253;        0.92891;        0.91366;        0.92906;
            127;       0.067652;        0.08957;        0.96539;        0.95752;         0.9574;        0.93771;        0.93162;        0.91877;        0.93339;
            128;       0.069992;       0.090951;        0.96401;         0.9576;        0.95453;        0.93628;        0.92892;          0.916;        0.93085;
            129;         0.0696;       0.088493;         0.9655;        0.96371;        0.95202;        0.94083;        0.92943;        0.91923;         0.9338;
            130;        0.06848;       0.089823;        0.96436;        0.95572;        0.95768;        0.93609;        0.93063;        0.91731;        0.93141;
            131;       0.066971;       0.086624;        0.96642;        0.95851;        0.95929;        0.93955;        0.93239;         0.9214;        0.93527;
            132;       0.067248;       0.095687;        0.96516;        0.95509;        0.95955;        0.93642;        0.93172;        0.91849;        0.93288;
            133;       0.071439;        0.19098;        0.91936;        0.93239;        0.88877;        0.87623;        0.92832;        0.83107;        0.85668;
            134;         0.0706;       0.089873;        0.96517;        0.95388;        0.96115;        0.93595;        0.92965;        0.91871;        0.93282;
            135;       0.068304;       0.094253;        0.96537;        0.95521;        0.95989;         0.9367;        0.93077;        0.91893;        0.93327;
            136;       0.068797;       0.099687;        0.96272;        0.95713;        0.95265;        0.93476;        0.93031;        0.91358;        0.92846;
            137;       0.067044;       0.089607;        0.96617;        0.95801;        0.95892;        0.93891;         0.9316;        0.92064;        0.93483;
            138;       0.065963;       0.087679;        0.96665;        0.95782;        0.96036;        0.93942;         0.9332;        0.92177;        0.93569;
            139;       0.066178;       0.090287;        0.96552;        0.95844;        0.95648;        0.93815;        0.93307;        0.91883;        0.93372;
            140;       0.070137;       0.094446;        0.96503;        0.95758;        0.95638;        0.93728;        0.92901;        0.91793;        0.93277;
            141;       0.066621;       0.083443;        0.96731;        0.95792;        0.96267;        0.94057;        0.93244;        0.92386;        0.93685;
            142;       0.064992;       0.086224;        0.96664;        0.96038;        0.95771;        0.94058;        0.93426;        0.92167;        0.93575;
            143;       0.061857;       0.094009;        0.96544;        0.95469;        0.96112;        0.93668;        0.93679;        0.91937;        0.93333;
            144;       0.063836;        0.11006;        0.95794;        0.95541;        0.94491;        0.92925;        0.93519;        0.90479;        0.91986;
            145;        0.06354;       0.087459;        0.96614;        0.95817;        0.95892;        0.93904;        0.93551;        0.92072;        0.93474;
            146;       0.063685;       0.090847;        0.96559;        0.95773;        0.95856;         0.9384;        0.93513;         0.9199;         0.9337;
            147;       0.067036;       0.091313;        0.96572;        0.95646;        0.95958;        0.93773;        0.93299;        0.91977;        0.93393;
            148;       0.064255;       0.087107;        0.96653;        0.95994;        0.95812;        0.94034;        0.93459;        0.92161;        0.93551;
            149;        0.06287;       0.088999;        0.96616;        0.96187;        0.95538;        0.94079;        0.93618;        0.92075;        0.93491;
            150;       0.062523;        0.12892;        0.94917;         0.9491;        0.93415;        0.91734;        0.93638;        0.88856;        0.90455;
            151;       0.062815;       0.091345;        0.96641;        0.95552;        0.96263;        0.93823;        0.93603;        0.92157;        0.93513;
            152;       0.061903;         0.0902;        0.96662;        0.95719;        0.96119;        0.93919;        0.93702;         0.9219;        0.93559;
            153;       0.062702;       0.085813;        0.96717;        0.96048;        0.95903;        0.94129;        0.93637;        0.92294;         0.9367;
            154;       0.061983;       0.077622;        0.96912;        0.96295;        0.96177;        0.94496;        0.93693;        0.92771;        0.94033;
            155;       0.062047;       0.080616;        0.96821;        0.96039;         0.9618;        0.94255;        0.93724;        0.92542;         0.9386;
            156;       0.062619;       0.092669;        0.96662;        0.95743;        0.96087;        0.93928;        0.93599;        0.92185;        0.93561;
            157;       0.060473;       0.090662;        0.96692;        0.95929;        0.95937;        0.94035;        0.93848;        0.92223;        0.93625;
            158;         0.0624;        0.09665;        0.96509;          0.958;        0.95674;        0.93781;        0.93628;        0.91854;        0.93282;
            159;       0.059796;       0.089906;        0.96728;        0.95896;        0.96048;        0.94058;        0.93859;        0.92296;         0.9369;
            160;        0.06312;       0.095113;        0.96469;        0.95281;        0.96098;        0.93488;        0.93609;        0.91763;        0.93192;
            161;       0.062544;       0.091028;        0.96624;        0.95521;        0.96265;        0.93792;        0.93609;        0.92125;         0.9348;
            162;       0.061933;       0.081491;        0.96788;         0.9613;        0.96024;        0.94265;        0.93688;        0.92478;          0.938;
            163;       0.060661;       0.088072;        0.96715;        0.96013;        0.95922;        0.94108;        0.93808;        0.92287;        0.93669;
            164;       0.058889;       0.090589;        0.96746;        0.95941;        0.96088;        0.94118;        0.93971;        0.92368;         0.9372;
            165;       0.058811;       0.084517;        0.96797;        0.95958;        0.96176;        0.94178;         0.9402;        0.92468;        0.93815;
            166;       0.058353;       0.083024;        0.96788;        0.96238;        0.95883;          0.943;        0.94016;        0.92449;        0.93806;
            167;       0.060246;       0.083341;        0.96811;        0.96176;        0.96002;        0.94298;        0.93857;        0.92499;        0.93846;
            168;       0.059055;       0.082961;        0.96853;        0.95925;        0.96381;        0.94242;        0.93945;        0.92621;        0.93915;
            169;        0.05829;       0.087005;        0.96808;        0.95997;        0.96179;        0.94213;        0.94055;        0.92499;        0.93834;
            170;       0.061273;       0.082859;        0.96839;        0.95989;        0.96277;        0.94254;        0.93731;        0.92587;        0.93892;
            171;       0.060961;        0.08356;        0.96838;        0.95947;        0.96314;        0.94229;          0.938;        0.92574;        0.93887;
            172;       0.059194;       0.084566;        0.96831;        0.95955;        0.96283;        0.94223;        0.93924;        0.92556;        0.93875;
            173;       0.059157;       0.087098;        0.96754;        0.96042;        0.96025;         0.9418;        0.94009;        0.92396;        0.93736;
            174;       0.057014;       0.085108;        0.96802;        0.96173;        0.95981;        0.94284;        0.94147;        0.92476;        0.93829;
            175;       0.057384;       0.083101;        0.96864;        0.96104;        0.96218;        0.94333;        0.94134;        0.92631;        0.93938;
            176;       0.057291;        0.08675;        0.96805;        0.96155;           0.96;        0.94279;        0.94154;        0.92482;        0.93834;
            177;       0.059436;        0.08652;        0.96792;        0.95792;        0.96361;        0.94103;        0.93961;        0.92475;        0.93798;
            178;       0.058432;       0.079695;        0.96853;         0.9619;        0.96125;        0.94367;         0.9404;        0.92618;        0.93921;
            179;       0.056731;       0.083546;        0.96847;        0.96007;         0.9627;        0.94268;        0.94202;        0.92594;        0.93905;
            180;       0.057698;       0.084483;        0.96831;        0.96034;        0.96206;        0.94259;        0.94087;        0.92553;        0.93876;
            181;       0.057864;       0.087647;        0.96786;        0.95821;        0.96316;        0.94106;        0.94086;        0.92453;        0.93786;
            182;       0.057702;       0.088176;        0.96731;        0.95535;        0.96498;        0.93911;        0.94074;        0.92341;        0.93674;
            183;       0.056581;       0.083445;        0.96861;        0.95825;        0.96502;        0.94199;        0.94215;        0.92629;        0.93924;
            184;       0.056568;       0.078018;        0.96947;         0.9633;        0.96191;        0.94538;        0.94197;        0.92819;        0.94099;
            185;       0.058068;       0.081508;        0.96902;        0.96172;        0.96232;        0.94408;        0.94078;        0.92713;        0.94013;
            186;       0.056268;       0.079912;        0.96929;         0.9603;        0.96462;        0.94381;        0.94244;         0.9279;        0.94055;
            187;       0.055204;       0.077701;        0.96994;        0.96283;        0.96374;         0.9458;        0.94371;        0.92941;        0.94182;
            188;        0.05745;       0.080505;        0.96938;         0.9633;        0.96169;        0.94528;        0.94169;        0.92798;        0.94082;
            189;       0.055605;       0.081299;         0.9694;        0.96178;        0.96346;        0.94468;        0.94294;        0.92823;        0.94081;
            190;       0.056552;       0.085837;        0.96846;        0.95996;        0.96286;        0.94265;        0.94231;        0.92598;        0.93904;
            191;       0.055947;        0.08514;        0.96838;        0.96337;        0.95938;         0.9442;        0.94289;        0.92587;        0.93899;
            192;       0.054145;       0.084263;        0.96902;         0.9611;        0.96304;        0.94381;        0.94442;        0.92718;        0.94009;
            193;       0.056358;       0.078851;        0.96968;        0.96287;        0.96287;        0.94544;        0.94189;        0.92869;        0.94136;
            194;       0.055905;       0.076903;        0.97025;        0.96363;        0.96332;        0.94639;        0.94265;        0.92982;        0.94245;
            195;       0.054903;       0.082552;        0.96949;        0.96136;        0.96405;        0.94455;        0.94353;        0.92834;        0.94096;
            196;       0.054814;       0.082604;        0.96917;        0.96354;        0.96086;         0.9451;        0.94352;        0.92744;        0.94045;
            197;       0.055236;       0.082705;        0.96905;        0.96232;        0.96217;        0.94453;        0.94349;        0.92744;        0.94017;
            198;       0.054889;       0.080198;        0.96982;        0.96221;        0.96391;        0.94531;        0.94371;        0.92905;         0.9416;
            199;        0.05584;        0.08536;        0.96856;        0.96115;        0.96163;        0.94319;        0.94291;        0.92595;        0.93927;
            200;       0.054525;       0.085927;        0.96904;        0.96122;        0.96282;        0.94383;        0.94431;        0.92711;        0.94013;
          epoch;     train_loss;       val_loss;             PA;         Recall;      Precision;             F1;     Train_Miou;       Val_Miou;          FWiou;
          epoch;     train_loss;       val_loss;             PA;         Recall;      Precision;             F1;     Train_Miou;       Val_Miou;          FWiou;
              1;         0.7833;          2.271;         0.2842;        0.47719;         0.4552;        0.21092;        0.51268;        0.16931;        0.19708;
              2;        0.36996;        0.33958;        0.87878;        0.86057;        0.83745;        0.79364;         0.7175;        0.73967;        0.78947;
              3;         0.3039;        0.26957;        0.91166;         0.8992;        0.88706;        0.84974;        0.76372;        0.80628;        0.83934;
              4;        0.26728;        0.22973;        0.91844;        0.89845;        0.90131;        0.85726;        0.79155;        0.82017;        0.85069;
              5;        0.24965;        0.22717;        0.91886;        0.90161;         0.8979;        0.85855;        0.80419;         0.8199;         0.8516;
              6;        0.24823;         0.2231;        0.92528;        0.90662;        0.90907;        0.86813;        0.80284;        0.83307;        0.86217;
              7;        0.23547;        0.21523;        0.92422;        0.92334;        0.88739;        0.87176;        0.81366;        0.82732;        0.86226;
              8;        0.22331;        0.20373;        0.92845;        0.91681;        0.90711;        0.87589;        0.82438;        0.83894;        0.86787;
              9;        0.22003;        0.22171;        0.92402;        0.92033;        0.89713;        0.87336;        0.82614;        0.83192;        0.86068;
             10;        0.21417;        0.30889;        0.89545;         0.8623;        0.89986;        0.82156;         0.8298;        0.78472;        0.81007;
             11;        0.22278;        0.22031;        0.92188;        0.91439;        0.89618;        0.86803;        0.82104;        0.82691;        0.85683;
             12;        0.21397;         0.1975;        0.93112;        0.91375;        0.91705;        0.87798;        0.82875;        0.84507;        0.87194;
             13;        0.20271;        0.20741;        0.92983;        0.92677;         0.8979;        0.88028;        0.83952;        0.83936;        0.87127;
             14;        0.20369;        0.18247;          0.938;         0.9295;         0.9168;        0.89214;        0.83762;        0.85814;        0.88457;
             15;        0.19841;        0.19712;        0.93124;        0.92423;        0.90572;        0.88203;        0.84118;        0.84427;        0.87315;
             16;         0.1961;        0.21473;         0.9263;        0.91147;        0.91065;        0.87211;        0.84016;        0.83643;        0.86364;
             17;        0.19536;        0.19046;        0.93259;        0.92954;        0.90157;        0.88454;        0.84354;        0.84485;        0.87607;
             18;        0.19667;        0.20141;        0.93026;        0.90989;        0.92061;        0.87597;        0.84476;        0.84455;        0.87013;
             19;        0.18958;        0.18829;        0.93262;        0.91859;        0.91631;        0.88199;        0.84945;        0.84845;        0.87475;
             20;        0.18766;        0.20606;        0.93053;        0.92317;        0.90903;        0.88163;          0.851;        0.84445;        0.87153;
             21;        0.18601;        0.17824;        0.93657;         0.9203;        0.92511;        0.88759;          0.851;        0.85725;        0.88134;
             22;        0.18666;        0.18687;        0.93588;        0.92543;        0.91466;        0.88757;        0.85175;         0.8532;        0.88094;
             23;         0.1888;        0.19548;        0.93486;        0.92315;        0.91582;        0.88606;        0.84795;        0.85224;        0.87897;
             24;        0.18889;        0.17624;        0.93752;        0.92802;         0.9152;        0.89026;        0.84803;        0.85602;        0.88397;
             25;        0.18097;        0.19131;        0.93288;        0.92523;        0.90644;        0.88322;        0.85662;        0.84592;        0.87635;
             26;        0.18052;        0.18312;        0.93801;        0.92346;        0.92209;        0.88933;        0.85635;        0.85789;        0.88426;
             27;        0.18453;        0.18469;        0.93799;        0.92825;        0.91793;        0.89153;        0.85041;        0.85802;        0.88447;
             28;        0.18022;        0.18173;        0.93904;        0.92867;         0.9205;        0.89299;        0.85676;        0.86032;        0.88615;
             29;        0.17891;        0.18814;        0.93731;        0.91833;        0.92883;        0.88725;         0.8578;         0.8583;         0.8824;
             30;        0.18023;        0.18762;        0.93462;        0.92913;         0.9061;        0.88657;        0.85419;        0.84879;        0.87948;
             31;        0.17695;        0.18036;        0.93791;        0.92309;        0.92493;        0.88967;        0.86045;        0.85883;        0.88373;
             32;        0.17063;         0.1752;        0.93877;        0.92669;        0.92019;        0.89134;        0.86205;        0.85914;        0.88596;
             33;        0.17559;        0.17315;        0.94029;        0.92816;        0.92355;        0.89423;        0.85997;        0.86298;         0.8883;
             34;        0.17064;        0.17172;        0.94127;        0.92297;        0.93384;         0.8939;        0.86459;        0.86668;        0.88937;
             35;        0.16875;        0.19266;        0.93904;        0.91955;        0.93066;        0.88959;        0.86355;        0.86163;        0.88561;
             36;        0.16561;        0.16733;        0.94254;        0.93403;        0.92277;        0.89922;        0.86732;        0.86736;        0.89256;
             37;        0.16652;         0.1769;        0.94122;        0.92665;         0.9296;        0.89514;        0.86616;        0.86591;        0.88951;
             38;        0.17101;        0.17227;         0.9434;        0.92867;         0.9315;        0.89825;        0.86223;        0.86991;        0.89347;
             39;        0.16453;        0.16703;        0.94212;         0.9267;        0.92883;        0.89547;         0.8685;        0.86659;        0.89152;
             40;        0.16537;        0.17086;        0.94253;        0.92986;        0.92823;        0.89753;        0.86842;        0.86766;        0.89204;
             41;        0.17045;        0.17674;        0.94058;        0.93249;        0.91982;        0.89625;        0.86361;        0.86318;        0.88908;
             42;        0.16439;        0.16931;        0.94066;        0.93863;        0.91479;        0.89908;        0.86779;         0.8635;        0.88957;
             43;         0.1616;        0.16204;        0.94421;        0.92821;        0.93395;         0.8991;        0.87014;        0.87199;        0.89499;
             44;        0.16356;        0.18587;        0.93666;        0.92324;        0.92224;        0.88854;        0.86841;        0.85666;        0.88164;
             45;        0.16432;        0.17089;        0.94355;        0.92676;        0.93305;        0.89746;        0.86754;        0.87008;        0.89377;
             46;        0.16208;        0.15818;        0.94698;        0.93509;        0.93259;        0.90495;        0.86898;        0.87692;        0.90013;
             47;         0.1604;        0.17319;        0.94164;        0.92646;        0.93034;        0.89567;        0.87044;        0.86698;        0.89031;
             48;        0.16175;        0.17014;        0.94359;        0.92982;        0.93037;        0.89901;        0.87028;        0.87035;        0.89396;
             49;        0.16146;        0.16509;        0.94451;        0.92798;        0.93603;        0.89961;        0.87007;          0.873;        0.89522;
             50;        0.15706;        0.17992;        0.93981;        0.93024;        0.91985;        0.89428;        0.87246;         0.8614;        0.88768;
             51;        0.16034;        0.16389;        0.94533;         0.9296;        0.93559;        0.90111;        0.87085;        0.87441;        0.89682;
             52;        0.15866;        0.15934;        0.94608;        0.93583;         0.9294;        0.90412;        0.87185;        0.87481;        0.89869;
             53;        0.15893;        0.16245;        0.94645;        0.93646;         0.9295;        0.90472;        0.87185;        0.87539;        0.89936;
             54;          0.152;        0.17481;        0.93941;        0.92477;        0.92478;        0.89171;        0.87677;        0.86114;        0.88661;
             55;        0.15523;         0.1654;        0.94525;        0.93257;        0.93171;        0.90219;        0.87445;        0.87393;        0.89697;
             56;        0.15604;        0.17109;        0.94408;        0.92972;        0.93249;        0.89962;         0.8732;        0.87157;        0.89466;
             57;        0.15418;        0.16478;        0.94512;        0.93383;        0.93072;        0.90256;        0.87581;        0.87355;        0.89669;
             58;        0.15461;         0.1604;        0.94506;        0.93165;         0.9326;        0.90164;        0.87488;        0.87365;        0.89649;
             59;        0.15372;        0.16181;        0.94484;        0.93999;        0.92109;        0.90368;        0.87621;        0.87084;        0.89704;
             60;        0.15041;        0.16508;        0.94461;        0.93442;        0.92784;        0.90195;        0.87832;        0.87196;        0.89599;
             61;        0.15117;        0.17355;        0.94004;        0.92832;        0.92178;         0.8937;        0.87777;          0.862;        0.88813;
             62;        0.15787;        0.17147;        0.94036;        0.93503;         0.9155;        0.89649;        0.87232;        0.86172;         0.8891;
             63;        0.14952;        0.17675;        0.94462;        0.92827;        0.93453;        0.89951;         0.8789;        0.87258;        0.89563;
             64;        0.14535;        0.18349;        0.94182;        0.92701;        0.92759;        0.89526;        0.88054;        0.86586;        0.89098;
             65;        0.14963;        0.17347;        0.94171;        0.93589;         0.9175;        0.89832;        0.87655;        0.86438;        0.89151;
             66;        0.14924;        0.18851;         0.9401;        0.92495;        0.92777;        0.89282;        0.87906;        0.86305;        0.88755;
             67;        0.14453;        0.18291;        0.94194;        0.93358;        0.92203;         0.8983;        0.88182;        0.86601;        0.89143;
             68;        0.15217;        0.17697;        0.93996;        0.93728;          0.915;        0.89791;        0.87726;        0.86242;        0.88825;
             69;        0.14718;        0.16417;        0.94628;        0.93361;        0.93177;        0.90323;         0.8815;          0.875;        0.89892;
             70;        0.14582;        0.16345;         0.9468;        0.93578;        0.93155;        0.90507;        0.88122;        0.87657;        0.89984;
             71;        0.14222;        0.15959;        0.94739;        0.93527;        0.93325;        0.90546;        0.88286;        0.87776;         0.9009;
             72;        0.14562;        0.15903;        0.94806;        0.93357;        0.93728;        0.90574;         0.8817;        0.87967;        0.90188;
             73;        0.14468;        0.17561;        0.93998;        0.92605;        0.92454;         0.8928;        0.88034;         0.8621;        0.88768;
             74;        0.14401;        0.17649;        0.94242;        0.92608;        0.93118;        0.89592;         0.8823;        0.86779;        0.89176;
             75;        0.14576;        0.15887;        0.94796;        0.93166;        0.93943;        0.90493;        0.88122;        0.87978;        0.90154;
             76;        0.14229;        0.17189;        0.94293;        0.92463;        0.93437;        0.89611;        0.88386;        0.86941;         0.8926;
             77;        0.15026;        0.16857;        0.94459;        0.93321;        0.92847;        0.90132;        0.87675;        0.87184;          0.896;
             78;        0.14276;        0.16246;        0.94701;        0.93976;         0.9274;        0.90664;        0.88476;        0.87627;        0.90055;
             79;        0.14207;        0.16653;        0.94434;        0.93422;        0.92772;        0.90165;        0.88389;        0.87156;        0.89548;
             80;        0.14309;        0.15708;        0.94829;        0.93267;        0.93905;        0.90572;        0.88296;        0.88036;        0.90218;
             81;        0.14581;         0.1663;        0.94729;         0.9317;        0.93828;         0.9043;          0.882;        0.87854;         0.9003;
             82;        0.14263;        0.16062;          0.944;        0.93055;        0.92858;          0.899;         0.8835;        0.86986;        0.89503;
             83;        0.14117;        0.16385;        0.94574;          0.932;        0.93542;         0.9028;        0.88572;        0.87557;         0.8975;
             84;        0.14017;        0.16629;        0.94482;         0.9296;        0.93406;        0.90035;        0.88537;          0.873;        0.89594;
             85;        0.13721;        0.16153;        0.94614;        0.93338;        0.93277;        0.90336;        0.88708;        0.87539;         0.8985;
             86;        0.13694;        0.15929;        0.94696;        0.93261;        0.93547;        0.90404;        0.88736;        0.87731;        0.89993;
             87;        0.14064;        0.15349;        0.94847;        0.93542;        0.93727;        0.90732;         0.8849;        0.88098;        0.90254;
             88;        0.13858;        0.17786;        0.94329;        0.93289;        0.92594;        0.89975;        0.88624;        0.86922;        0.89373;
             89;        0.13832;         0.1661;        0.94487;        0.92925;        0.93423;        0.90032;        0.88718;        0.87329;        0.89614;
             90;        0.13928;        0.15299;         0.9484;        0.94228;        0.92962;        0.90999;        0.88611;        0.88023;        0.90289;
             91;         0.1387;        0.15336;        0.94896;        0.93808;        0.93475;        0.90872;        0.88611;        0.88136;        0.90366;
             92;        0.13987;        0.17444;        0.94414;          0.928;        0.93312;        0.89871;        0.88486;        0.87144;        0.89497;
             93;        0.13386;        0.17018;        0.94429;        0.93504;        0.92673;        0.90185;        0.89089;        0.87128;        0.89541;
             94;        0.13592;        0.17105;         0.9438;        0.92808;        0.93216;        0.89833;        0.88693;        0.87059;         0.8943;
             95;        0.13437;        0.16236;         0.9463;        0.92999;         0.9352;        0.90156;        0.88904;          0.875;        0.89882;
             96;         0.1345;        0.17474;        0.94463;        0.93742;        0.92386;        0.90279;        0.88894;        0.87109;        0.89633;
             97;        0.13227;        0.17957;        0.94451;        0.93354;        0.92796;        0.90126;        0.89083;        0.87142;        0.89581;
             98;        0.13666;        0.16339;        0.94605;        0.92804;        0.93885;        0.90124;        0.88538;          0.876;        0.89803;
             99;        0.13471;        0.16885;        0.94508;        0.93208;        0.93038;        0.90112;        0.88885;        0.87248;        0.89684;
            100;        0.12836;        0.16983;        0.94655;        0.93507;        0.93206;        0.90459;        0.89206;        0.87625;        0.89931;

